1965
1965
1971
1971
1967
1966
1958
1968
1991
1959
1965
1964
1965
1963
1980
1963
1967
1955
1956
1970
1975
1963
1965
1965
1966
1967
1970
1968
1965
1956
1971
1968
1966
1964
1967
1991
1975
1969
1957
1964
1968
1968
1956
1960
1956
1977
1970
1968
1976
1965
1982
1984
1977
1966
1963
1956
1967
1983
1964
1971
1957
1955
1967
1963
1968
1980
1957
1975
1961
1964
1965
1966
1958
1972
1969
1967
1955
1965
1965
1968
1956
1964
1965
1983
1961
1975
1963
1965
1965
1956
1969
1976
1987
1958
1956
1957
1956
1972
1969
1969
1968
1956
1979
1973
1969
1965
1957
1983
1967
1965
1949
1954
1962
1963
1957
1969
1974
1959
1977
1969
1961
1964
1966
1968
1960
1954
1971
1957
1968
1971
1987
1957
1971
1965
1968
1970
1966
1971
1964
1975
1958
1956
1984
1978
1968
1979
1977
1971
1960
1966
1954
1965
1964
1958
1969
1965
1959
1954
1967
1988
1962
1990
1975
1956
1988
2002
1973
1972
1991
1969
1976
1973
1977
1966
1966
1964
1989
1974
1980
2003
1962
1960
1969
1964
1965
1967
1980
1970
1977
1973
1973
1968
1959
1957
1957
1987
1956
1966
1977
1993
1986
1969
1965
1966
1972
1966
1957
1965
1963
1966
1966
1982
1953
1989
1954
1965
1974
1962
1960
1966
1972
1964
1968
1979
1954
1970
1970
1982
1955
1966
1982
1960
1965
1965
1954
1957
1982
1961
1961
1968
1969
1972
1989
1966
1969
1967
1969
1979
1967
1970
1959
1953
1972
1979
1978
1997
1966
1967
1994
1969
1973
1965
1962
1972
1968
1964
1973
1983
1976
1980
1966
1958
1969
1967
1984
1972
1972
1989
1964
1971
1972
1974
1980
1979
1956
1992
1986
1960
1964
2000
1964
1979
1971
1971
1968
1975
1972
1978
1987
1989
1978
1975
1967
1967
1968
1980
1956
1958
1984
1971
1957
1963
1956
1979
1965
1975
1969
1977
1972
1969
1975
1989
1979
1964
1966
1970
1958
1967
1975
1977
1991
1965
1970
1971
1970
1976
1982
1970
1966
1971
1975
1961
1956
1968
1958
1996
1973
1973
1960
1962
1955
1957
1992
1977
1969
1983
1968
1965
1957
1973
1979
1967
1967
1965
1965
1977
1968
1989
1955
1967
1965
1977
1960
1956
1979
1995
1961
1984
1983
1973
1966
1997
1969
1965
1970
1987
1971
1979
1971
1964
1970
1970
1966
1961
1964
1972
1976
1974
1991
1966
1960
1970
1958
1966
1970
1996
1991
1975
1968
1989
1977
1967
1957
1957
1965
1984
1989
1969
1993
1969
1973
1970
1956
1972
1984
1973
1983
1966
1964
1979
1955
1973
1969
1966
1978
1968
1956
1969
1983
1987
1957
1957
1973
1965
1991
1973
1964
1967
1967
1967
1960
1961
1987
1970
1993
1958
1977
1967
1948
1963
1986
1971
1966
1966
1978
1961
1987
1973
1970
1974
1980
1964
1967
1978
1994
1984
1981
1967
1975
1970
1975
1971
1987
1982
1986
1985
1964
1975
1978
1971
1966
1977
1963
1973
1960
1978
1994
1970
1976
1976